29
    95658 42659829 73781339
     2846 42597360 74123648
    31304 42602079 73826724
     8151 42493495 73841072
    15521 42773250 73703110
    79258 42728561 73784518
     2278 42744178 73694219
    32688 42701324 73925218
     2647 42689062 74102911
     8626 42621014 73934950
     1915 42479556 74172023
    10207 42724628 73706162
     3466 42511316 74045999
     5140 42245110 77786986
      462 42402337 78021554
      847 42052392 78023208
     1604 42332824 77768790
     2245 42224157 78025303
     1945 42154118 77801801
     1411 42301459 78020339
     1714 42316359 78118615
      268 42392724 77907390
     2223 42061627 78140082
     1248 42441336 77777288
     2694 42400171 78159877
      762 42480719 78242917
     1146 42135488 78247698
     3392 42217538 78266473
     1927 42209534 78135577
     1803 42054651 78258825
      577 42470216 78010548
      533 42473556 77895149
     1987 42483460 78120918
     1074 42053263 77785849
      736 42311762 78241036
        9 42235083 78308323
     1259 42385744 78237549
     1914 42149420 78006010
      390 42225113 77901377
     7678 42121219 77932473
      353 42305501 77887871
     1371 42053684 77897302
     1215 42120153 78134168
  1332650 40846761 73873207
     2738 42285042 75916260
    47380 42102225 75911797
     4969 42060625 75906906
    11454 42182825 75883819
     5441 42170575 75665901
     5940 42053156 75827433
     5335 42128542 75911935
     6909 42183576 75824736
     5651 42081226 75809672
     2707 42368549 76041375
     5459 42205386 76025756
     1790 42284831 76024745
     2477 42081176 75479502
     3032 42349038 75938814
    56298 42114624 76021571
    26535 42075874 76028378
     6421 42078236 75663668
     8230 42083391 78496494
     1099 42117072 78767274
     2223 42446521 78652670
     1410 42047732 78633415
      388 42521900 78991014
      751 42112350 78902857
     1732 42222756 78991211
     1945 42396904 79000987
     1105 42388595 78741248
     1738 42294708 78640049
     1028 42401154 78398916
     3128 42319383 78473030
     2493 42473212 78364700
     2145 42194701 78647948
     2270 42167058 78387791
      721 42211717 78521448
      895 42238650 78386229
     1380 42300615 79002991
     1788 42243192 78784852
      661 42301949 78365529
     2482 42407892 78498805
      800 42309867 78756602
     1159 42219310 78895308
     2068 42312951 78871600
        2 42233460 78310293
    15347 42082640 78430965
     2029 42068900 78414906
      831 42382591 78814798
     1771 42469165 79010699
     2512 42434734 78942382
     3952 42056577 78345090
     2681 42151007 78992936
       38 42040350 78805140
     6097 42158742 78715886
      544 42167799 78776938
      302 42032646 78993281
     4210 42489527 78488141
        0 43406498 76635318
    28574 42931660 76564770
     2936 42926189 76667282
     4777 43045686 76545670
     2744 43125019 76538538
     1925 43109002 76653593
     2647 42871159 76577453
     1914 42653797 76572273
     2426 43208230 76530453
     1832 42756222 76668631
     1900 42649229 76422396
     2446 43040219 76628793
     1431 43013822 76697225
     4040 42720621 76421853
     1208 42815776 76414839
     3755 42889798 76503467
     1537 42803295 76571492
      893 42727007 76331749
     3244 42972997 76520719
     2256 42853226 76686326
     3432 43322122 76663950
     1098 42655765 76307601
     1824 42979614 76609854
     1286 42721230 76531964
     1838 43209874 76648700
        0 42202576 79435024
     1126 42389712 79242961
     7760 42082692 79323779
     3635 42045465 79126820
       23 42542442 79082683
     1713 42294771 79240926
     4666 42226149 79483962
     1152 42297723 79113883
     1501 42035292 79588150
    13131 42482959 79329818
     1387 42464064 79342507
     4576 42170787 79376890
     9280 42119507 79242911
     1639 42221482 79111136
      935 42045471 79699087
     2054 42224255 79238338
     7638 42517242 79145584
     2339 42058433 79441772
    31730 42095457 79238619
     1385 42048027 79198583
     1176 42132287 79705272
     2521 42134293 79437873
     2467 42142387 79109701
    14703 42417177 79350613
     5502 42382746 79461961
     2636 42261658 79698069
     2838 42484096 79247954
     1553 42134869 79591077
     2331 42302408 79351326
     1121 42388533 79113029
     5232 42311253 79587055
     1951 42022409 76739441
      853 42092385 76663072
     7224 42143102 76918353
     2649 42254777 76912041
     2665 42036279 76627654
    30940 42089874 76809559
     7199 42091574 76833845
     2054 42183508 76675288
    19561 42156874 76818524
    11185 42052474 76841672
     1518 42205574 76573516
     3271 42256315 76808153
     2977 42229020 75529079
     3401 42297333 75470330
      931 42695928 75360562
     1589 42297458 75628159
      378 42488831 75827515
     5729 42320771 75766585
     3046 42403127 75452168
      416 42686860 75842619
      870 42501694 75728412
     2803 42606897 75394845
     1966 42609110 75508033
     7355 42531854 75521618
     3836 42513512 75492969
     1001 42691255 75736526
     3992 42406165 75591624
      542 42592450 75739336
      848 42602435 75834623
     2049 42603200 75607252
      928 42514180 75615372
     3979 42689494 75491069
     1347 42423590 75753985
     1418 42685739 75623821
     3160 44870790 73655573
     3015 44518515 73513677
     5326 44771131 73499778
     1660 44501797 73786462
     5791 44966154 73418488
     4181 44857958 73463020
      727 44943182 73947623
     5149 44738239 73831855
     1812 44848791 73917312
     3404 44951197 73646474
     6370 44585936 73520237
    18816 44695365 73458593
    11190 44687944 73495434
     4165 44653662 73774089
     5128 44663066 73564911
     1513 42036188 73580381
     1453 42320290 73521203
     1820 42402035 73446460
     4249 42412013 73583088
     6401 42231741 73694892
     1726 42082362 73852479
     3278 42134010 73568471
     1499 42065551 73716301
     2018 42137373 73874447
     5276 42315557 73649082
     4180 42240079 73779905
     1744 42226876 73536855
     7524 42251230 73785066
     8296 42419026 73675829
     3424 42127950 73792245
     2454 42466683 73443356
     2933 42310351 73749787
     2188 42408708 73755253
     1118 42131167 73674033
     1051 42531183 75928846
    18740 42600658 76181284
     7919 42585468 76174502
     1036 42724712 75938677
      789 42532914 76015781
      920 42438434 76199780
     6363 42655229 76174131
      686 42442520 76105071
     2189 42446887 76025409
     1582 42747727 76138483
     1193 42729549 76231548
     1108 42596595 76023374
      500 42606443 75918716
     1225 42709290 76023583
     2287 42510965 76158016
     1011 42451396 75919811
     1356 42142077 74799173
      664 42260796 74782271
     2042 42029076 74965428
     2774 42448184 74921972
     4629 42278186 74914209
     1687 42070838 75390241
     2621 42328596 75108045
     1280 42217290 75004281
     3449 41963006 75173383
     1603 42435186 74670897
     1633 42401047 74793110
     1405 42230515 75338818
     1588 42373438 74940732
     4051 42169267 74610652
     2509 42300623 74553097
     6109 42306845 75324589
     1943 42371653 74645651
     1105 42118416 75249568
     5607 42171929 75130611
     4048 41815800 73555147
    13808 41504243 73965576
    11452 41609470 73708653
     4010 41857938 73812095
     8565 41689317 73580885
    25589 41573253 73793471
    20258 41527793 73914905
    20851 41791061 73907591
    14928 41672941 73806688
     4559 41977732 73780597
     3002 41945753 73527350
     7521 41561586 73607718
     2569 41977756 73657987
     9066 41770285 73804478
    29871 41700093 73922905
    42777 41670993 73907004
    10408 42012875 73887411
     7762 41925020 73901637
     3544 41883876 73703333
     4546 41698134 73699194
    26274 41588943 73899829
     4742 41786541 73681361
        0 42746807 78910579
    10470 42902909 78516506
   116510 42994874 78764717
    13996 42757259 78623885
     7897 42658033 78761911
     1906 42595219 79044233
   292648 42904657 78849405
     2001 42551420 79057878
    94019 42912508 78751525
    26123 43002932 78647061
     3323 42657231 78655182
     8307 42491507 78905282
     8526 42538988 78687195
     8076 42658312 78889127
    11304 42821509 78636998
    17594 42646109 79033192
    18621 43011823 78959148
    56259 42749309 78849445
     3603 42647601 78513696
    19064 42819391 78825637
    39019 42903911 78668698
     5709 42826798 78537330
     8404 43013696 78515113
     3376 42582124 78880440
    27637 42761959 78751647
     2692 42556264 78531204
    16136 43011190 78877399
    78155 42981257 78855381
       10 43073658 78481392
     2960 42729561 78519858
    45920 42839058 78760925
     2409 44470221 73477879
     2119 43950370 73483575
     1315 44191711 73593950
      713 44277980 73409586
     2306 44385548 73710674
     1063 44216678 73788246
     1200 44282826 73545509
      796 43841369 74037479
     4879 44057224 73490641
      481 43971509 74160929
     8661 44288285 74019742
      266 43996303 73721475
     1321 44396925 74059501
     1759 43845248 73756116
     5167 43858226 73454142
     1362 44180591 73454570
     1903 44374619 73406627
     1131 44391631 73803730
     6137 44232961 74478916
     2147 44845108 74445709
     1423 44745392 74107164
     1192 44941411 74597308
      542 44751648 74427515
     1682 44448361 74236793
     1359 44910092 74177239
     2036 44932805 74076320
     1428 44940772 74290434
      739 44731571 74534853
      159 44632949 74279383
     1645 44964244 74502061
     1197 44519178 74060532
     5575 44303572 74190097
    14981 44827886 74287951
     2857 44830362 74546386
     2699 44981840 74673743
      395 44411804 74365731
     1118 44561974 74533265
     1823 44932258 74384010
      573 43158025 74389299
     5066 43071205 74165566
     1407 43143247 74489902
     1693 43026914 74553161
    15413 43052476 74342798
     8511 43007350 74372109
     7166 43045818 74386317
     6432 43105656 74252763
     2760 43204936 74178829
     1774 43081685 74700828
     3638 43005320 74179596
      640 43179148 74652036
     1881 43085690 78397567
     2451 42903477 78258621
    16256 42998572 78184116
     5915 42994783 78211067
     3182 43083546 77967308
     1760 42929045 78140557
     2493 43080679 78065282
     3061 42909285 78381780
     2439 43083643 78164407
     7790 42985475 77978228
     3203 43077433 78278165
     2467 42902833 78007839
     4530 42986747 78390148
     2409 42996538 78087448
      533 43066242 78436213
      752 42321453 74339265
     3991 42277817 73841417
     6355 42299673 74002461
    11849 42209598 73922408
     8884 42346829 73848366
     2592 42380579 74143463
     3316 42393845 74017437
      193 42202372 74483163
     2721 42188688 74159562
      970 42249220 74244072
      830 42215001 74384838
     3417 42414957 73843961
      665 42314877 74416804
     1660 42315798 74223553
      293 43515408 74570047
      201 43251970 74277936
      392 43305420 74208201
     1471 43782541 74293498
      406 43742411 74763339
      876 43544533 74402610
      852 43956000 74568443
      151 43433176 74725695
      737 43433050 74290100
     1630 42927735 75047476
     1098 42987955 74802443
     1607 43124742 74934359
     7478 43041466 75109799
    13629 43005416 75012981
     9962 43039111 74986676
     1453 42977731 75145639
     5188 43042907 74857609
     1544 43017125 74890549
     3171 43065925 74795678
     2192 43184425 75020928
      711 43212583 74955622
      922 43425403 74944260
     2487 43296458 75079433
     1953 43190135 74813447
     3385 43096008 75098087
      767 42915112 74815627
     1136 42887409 74935343
     1912 43767827 74944714
     2202 42897168 75166341
        0 43735359 76481328
     4782 43844917 76022116
     4097 44317884 75891713
     1793 44225669 75622209
     5843 44031111 76022484
     3345 44130180 76269422
     4361 43972110 75676191
     4817 44205704 76079603
     3541 43741270 76111797
     1377 43849496 76189107
     3323 43946032 76079060
    19836 44076021 75808786
      930 43752971 75977677
     2015 44066031 76174118
     2465 44244223 75976930
     2897 44041460 75894724
     2140 44151105 75711637
     1147 43850793 75915520
     2959 43959752 75794166
     2414 44240271 75795129
    26705 43975554 75906451
     4482 43936025 75924818
     6235 44017928 75597015
      234 43759386 75864840
  2465326 40649812 73952247
     3161 43955851 75376033
     2747 43898674 75606643
     1661 44100975 75352501
     1365 43697272 75312532
      423 43817228 75651159
      857 43471283 75529140
     1792 43546850 75360348
     4548 43805137 75505497
     1273 43602327 75301261
     1249 43732541 75482075
      108 43732873 75713083
     2722 43852856 75372112
      265 43535241 75700014
      319 43834120 75787815
      793 43664566 75421656
     1987 43804477 75291619
     1674 43583363 75463492
     6443 42899233 77733729
     4567 42963889 77836613
     2353 42719221 77674788
     9654 42803350 77787607
     3853 42695576 77780999
     2287 42772201 77905487
     4541 42894295 77616303
     7286 42815797 77659325
     4567 42677788 77889443
     5738 42559976 77695688
     3017 42571726 77920935
      751 42525231 77781906
      859 42554712 77987166
     1627 42619583 77706717
     2322 42633393 77571673
     1244 42611541 77778614
     3219 42858807 77890166
     2403 42804416 75344731
     6481 42911774 75855313
     1532 42779113 75860131
     4826 42877314 75628112
     1680 42978321 75781228
      946 42787842 75746289
     5733 42796193 75494938
     1329 42785451 75623012
     8665 43098695 75755564
     1818 43041558 75739214
     2801 42879361 75504768
     1964 42874585 75748026
    10987 43084961 75653375
     1205 42965983 75666634
     2080 42980904 75588228
    14991 43084379 75882776
        0 43445589 77675372
    35588 43123363 77568115
    27638 43099762 77744967
     6072 43246588 77933522
     6650 43112413 77487000
    29275 43152562 77705128
    94141 43236059 77680846
     9355 43319027 77919917
    39028 43063863 77621291
    52354 43208013 77575202
     8370 42982014 77560803
    18492 43178068 77813085
    14822 43274828 77799084
    34645 43150827 77469398
    46090 43086541 77446139
    27219 43086363 77515127
     5437 43092812 77879736
   219773 43165496 77611504
     3603 42983195 77670376
    13716 43201855 77936591
    37926 43226213 77454121
     5149 43009313 77815835
    18355 42943350 74190310
     5820 42955790 74185660
     3797 42876296 74597068
     1292 42814612 74343862
     2731 42896924 74204016
     2222 42915065 74352514
     4202 42930967 74673789
     3902 42955461 74373153
     3070 42949975 74562685
     1752 42850320 74479976
     2565 43004838 74678526
    26622 40867326 73627738
   755924 40676767 73623455
    35462 40588157 73668099
   222611 40777314 73666949
   293925 40759466 73502753
  1537195 40769656 73973533
        0 43438553 78828771
     5393 43170856 78829955
     4165 43249400 78537348
    16257 43167955 79009277
    22279 43169757 78690987
    19653 43150654 78677015
     9657 43297506 78704507
     8978 43116055 78989436
    55593 43094305 79017339
    33262 43041006 78868920
     6050 43091974 78764119
     6920 43249704 78998086
     7710 43173262 78544130
     2865 43336673 78545985
        0 43088898 78477950
     1138 43166505 78957329
    14086 43092168 78895129
     5840 43293205 78842352
     2956 43339696 75615971
     1966 42971390 75487958
      725 43416306 75461947
     4572 43471342 75284051
     1671 42907510 75255639
     5028 43345578 75761868
     3906 43174487 75161749
     1086 43419847 75737642
     3869 43225189 75331689
     1692 43472760 75167662
    10138 43048069 75383770
     6875 43308597 75512739
     9469 43176767 75277684
     2127 42963874 75393290
    21172 43067169 75287671
     4609 42983357 75267940
     1958 43361742 75153455
    34950 43219469 75463330
     2610 42913995 75380707
     3147 43070808 75599124
     1172 43337758 75249268
     4670 43255353 75190628
    60651 43096569 75231887
     5335 43061853 75534016
     6425 43149999 75620984
     5819 43234793 75749383
     2029 43326535 75392510
     6207 43123105 75447281
    18635 43122936 75309278
    23152 43046016 76275724
    27982 43173342 76097537
    58805 43150617 76194081
    24071 43054333 76079284
     6091 43056092 76451905
     1974 42823635 76008873
    17740 43058166 76218975
     4833 42912365 76106105
    19285 43172892 76354786
    31872 43036266 75991912
     6319 42964236 76331373
    21063 42978140 76198232
     1473 42950501 76157973
     2561 42865757 76239287
     6159 42931202 75983555
    33290 43101602 76170401
     7323 42942236 76419162
     1661 42832776 76301567
   147306 43046899 76144423
     2709 42801553 76138585
    12667 43123085 76341649
     2421 42819859 77424481
     1846 42715978 77551244
    11264 42886111 77281656
     7649 42857131 77303675
     3361 42899197 77422479
    10585 42980761 77321824
    13617 42869561 76988817
     3289 42828828 76992958
     3776 42808977 77221779
     3346 42893508 77196062
     9258 42977793 77196392
     2441 42627243 77425430
     7017 42957977 77047364
     3452 42796276 77523769
     2731 42836809 77075454
     1645 42723799 77399471
     9977 42994507 77425125
     2549 42912045 77525597
    17351 41396767 74180038
    12140 41333705 74266788
    12307 41430932 74053110
     7875 41572749 74313120
     7858 41429026 74657828
    12913 41384735 74337459
     3800 41371281 74586552
     4686 41454291 74246648
    12484 41348008 73976468
    25388 41445754 74422066
     3585 41334034 74545931
    31407 41319344 74186076
    20891 41540151 74199578
     6639 41466058 74526844
    28259 41503193 74019636
    27568 41541682 74063154
    22866 41471612 74075936
     8860 41375459 74688794
     3334 41221835 74185471
    24659 41473302 74390310
    30764 41261084 74355319
     6273 41393270 74456614
     9460 41333110 74124126
        0 43500430 78226445
     8042 43241469 78203062
     2124 43179910 78208899
     2960 43339142 78214114
     3392 43174473 78054156
     3740 43262534 78191031
     2838 43335747 78048480
     6259 43249585 78058098
     6886 43240415 78387272
     5420 43192303 78392354
     2510 43349148 78397430
        0 43635668 76443929
     2083 43511015 76027313
     1312 43373405 75927811
      505 43656007 75979003
     5141 43264885 75945907
    11855 43319878 76413224
     7009 43292253 76439933
     4957 43309482 76563396
     8803 43305881 76152651
     5181 43459962 76210030
     1663 43397568 76475391
     2930 43482772 76309947
     1254 43558452 75950786
    17954 43454612 76506588
     7287 43416614 76551051
     3686 43361999 76273039
     2694 43405061 76079367
      607 43575430 75833577
     5824 43548095 76135348
     3863 43641991 76111963
     8566 43257610 76274949
     7331 43468146 76415651
     6094 43344510 76392787
     4428 43295884 76082577
     1350 43452917 75899829
     1085 42728271 75141441
     1792 42472215 75319557
     1266 42809522 74719922
      410 42670343 74701230
     1824 42712224 75246562
      954 42784494 75088989
     2203 42642570 75015386
     2402 42536364 75119340
     1920 42540965 74856340
     2249 42688452 74874298
     2938 42544903 74979488
     1867 42535265 75253807
     1116 42630835 75147017
    13292 42456003 75062302
     4994 42472165 75074356
     3183 42415487 75181856
     3904 42734794 74958756
     1295 42614117 75271684
      986 42820292 75197090
     2423 42855205 75019253
      684 42711229 74726693
     1350 42831666 74865263
     4548 42354738 75324650
      784 42639263 74814000
     2207 42593861 74716886
    33006 41384913 73729333
    14009 41468216 73688271
    11306 41479039 73578517
     9422 41405737 73929722
    10686 41381246 73849351
    17316 41403823 73608124
  2229379 40714295 73820376
     1901 42660511 73384555
    11664 42744816 73618980
    15560 42609979 73705856
     1987 42770452 73454079
     6759 42902335 73354877
     4818 42536549 73547536
    10805 42674870 73657974
     1563 42768373 73343198
     5644 42876327 73507690
     4054 42687361 73551351
     7761 42646713 73733743
     7987 42626168 73567160
     7456 42877431 73625362
    12536 42531433 73692720
     2873 42544519 73416200
    49170 42738278 73680809
   443728 40582197 74140923
    82082 41126045 73980346
    33811 41200777 74009049
    47711 41058696 73961617
   108905 41121845 74083409
    14244 41237194 74001231
     2337 44875865 74717766
    10334 44578749 75191331
      112 44381906 74992057
      791 44213682 74949088
     1453 44477311 74854802
     2213 44471609 75352803
      936 44542117 75460784
     1148 44314998 75261497
     1622 44209863 75090220
     2180 44286561 75417127
     7418 44344532 75475425
     1207 44434334 75731181
     1069 44407977 75273023
     1020 44638318 74708489
     1545 44755997 74667276
     4047 44702737 75325601
     3195 44901618 75002971
      846 44466628 75581996
     1828 44762323 75127020
    13121 44942021 74864858
     2050 44555236 75639272
     4565 44823502 74968758
    12364 44700547 75481209
     4370 44625680 75465140
     2049 44597985 74850057
      305 44232327 74576459
     2674 44548046 75012315
      783 44206280 75287295
    15957 44677304 75027874
      787 44333749 75623197
     1801 44402969 75141239
     3592 44759822 74853170
     2212 44849134 75200642
     8729 42953324 73874777
     3954 42950290 73990881
    32995 42867776 73813489
     5985 43238568 73846433
      920 43302200 74010354
     1384 43222164 74093464
     3589 43025196 74036982
     7362 43122229 73871598
     1971 43318277 73869658
    18474 42856764 73742365
    13005 42963917 73795141
     5019 42903922 73690458
    17103 43030736 73876927
    13826 43271290 73646268
     4603 43169708 73632806
     1841 43104044 74052430
     5141 43071153 73624706
    26186 43075337 73782422
     7522 42954367 73679241
     8515 42799503 73688248
    12511 43142632 73732808
     5808 42780827 74170574
    28183 42862193 73963173
    20295 42800276 73880967
     2132 42799598 74077229
    28316 42793993 73975721
    61821 42804076 73929289
      330 42486256 74498944
      947 42509106 74307236
     1758 42763918 74434754
     6407 42679550 74462945
      726 42409796 74338731
     2043 42746025 74316010
     1495 42571224 74453570
     1215 42429061 74467478
     1285 42498523 74601561
     3515 42602305 74322196
     2412 42640398 74552654
     3299 42677505 74328708
     1637 42707216 74582851
     1843 42770370 74602344
     1123 42572570 74601221
     1547 42673190 74206055
     1930 42329115 76755849
      545 42276612 76668828
     4197 42354788 76897865
     4854 42472934 76793690
     2446 42340000 76834260
     1752 42332988 77035379
     1786 42417271 76916785
     1714 42432910 77064759
     2227 42593702 76699937
     3643 42852347 76859905
        0 42862360 76980643
     1362 42985919 76919692
     1476 42591353 76842881
     2757 42658302 76770158
     2036 42721996 76840615
     9347 42911874 76794979
      899 42984649 76785512
     1729 42773916 76865071
     7866 42904053 76891276
     2640 42133627 77236694
     2314 42417530 77440220
    12097 42327471 77303206
      763 42330781 77133369
     1034 42198475 77391050
     3691 42234717 77168630
     3583 42250187 77584062
     2097 42056606 77027484
     2626 42515634 77481936
    10842 42148142 77056970
     6426 42141084 77032490
     1977 42474648 77665158
     7227 42149731 77122235
      964 42394089 77609284
      849 42137733 77677814
      585 42247349 77692641
     1742 42227228 77026591
     9019 42324432 77660252
     4042 42346239 77673971
     1430 42344592 77515578
     1270 42143910 77533718
     1913 42046329 77144926
     2064 42537342 77332634
     1405 42530912 77187488
     1080 42139733 77351082
     1309 42225569 77277621
     1126 42049618 77548057
     1400 42050209 77257383
     2546 42408948 77233500
     4314 42542255 77594774
     1165 42453801 77127217
      399 42053843 77697934
     1263 42444147 77336110
     1524 42064283 77388959
   211792 40712466 73364432
   448248 40843458 72969377
    19719 41007007 72123365
   195289 40851248 73375283
   322612 40756594 73198852
      271 40789890 72832992
    27680 40936951 72703183
     2228 41070219 72341478
      504 40875524 72430722
   115715 40862786 73215175
    54712 40891145 72492433
    20599 41066458 72409353
     4362 41690840 74841747
     3052 41834967 74924755
     1328 41675556 74996882
     2719 41761051 75002207
    12234 41732505 74608969
      833 41562141 74712521
     1391 41860543 75040162
     2404 41527269 74900024
     9632 41805661 74763563
     1939 41486025 74813348
    11002 41584472 74487615
     3553 41856100 74595243
     3913 41929483 74821930
    14189 41649583 74672568
     1415 41588604 74993857
     9066 42051210 76510593
     1366 42303762 76185393
     5317 42231259 76332435
     4097 42225284 76167994
     2584 42023589 76359753
    20365 42092500 76197064
     1170 42364490 76186125
     2979 42216916 76484536
     4840 42090586 76364090
     2910 42365218 76343597
     3007 42337436 76472747
    13532 42484194 76356695
     3369 42435254 76626586
     5794 42584334 76359170
    29287 42443603 76500093
    18198 42456510 76492936
    10521 42540905 76514758
     5108 42354395 76600247
     4775 42518362 76615689
      516 41945305 74487708
     9331 41855761 73992078
     5238 41692945 74180136
      208 42045897 74612932
     6564 41950314 74099334
    23456 41928877 74004088
      908 41991245 74057182
     9941 41713682 73996500
     5854 41853227 74155854
     8263 41632005 73984192
    12830 41752706 74090453
     4579 41951638 74251854
     9892 41654291 74074664
     7018 41803616 74263325
     6352 41846938 74076022
    19868 42085634 73976851
     3235 42111065 74381844
    12022 41616281 74233144
    12544 41960421 74010788
    12889 41740408 74399781
     6241 42040491 74128925
     2117 43559155 73668105
     3614 43676888 73847120
    14354 43312104 73648250
      854 43735622 73521123
     1479 43704922 73735360
     2450 43643225 74004218
     3578 43432591 73714296
     3219 43319278 73825058
    25441 43335821 73677835
      743 43426652 73961748
     1199 43520831 73902182
     4255 43516659 73791912
     3688 43229054 73467403
     2152 43009531 73444627
      677 43632868 73459870
     2259 43030280 73537338
     6417 43461701 73540759
     5892 43245073 73575060
     6456 43422106 73305444
     4896 43135455 73487577
      871 43551781 73292101
     2279 43357601 73405108
     1773 43287823 73334231
     1718 43097356 73377555
    11171 43319572 73561351
      645 43745310 73415695
     2702 43159025 73323285
     3411 43009666 73343813
     4035 43546484 73390916
        0 43277105 77011707
    14889 43061800 77087725
     2277 43181083 76773129
     4439 43067484 76880296
     2117 43239929 76894223
     5831 43070693 76996867
     8688 43076392 77308956
     4974 43154612 77184981
     9778 43242161 77298023
     7672 43066114 77201161
     2442 43162998 76887045
     1838 43074986 76760008
     8949 43226024 77035995
     8402 43159356 77320749
     6777 43245309 77193991
     4692 43256207 76774416
    18133 41229195 73671225
    38467 41261301 73902489
    31318 40952949 73815807
    86764 41031834 73832918
    24154 41006987 73718057
    12324 41266833 73588548
    28967 40938794 73747817
     9983 41204027 73730458
    43221 41110298 73798535
    68381 40914060 73830507
    17491 41185271 73768503
    72182 40928584 73784230
    10849 41112333 73710207
     5173 41327970 73613066
    36534 41161966 73851395
    22441 41288903 73919987
    11866 40902221 73807176
     4726 41207812 73579708
    14955 40970451 73688435
    43880 40998452 73684190
    17823 40992121 73787041
    18346 41321716 73718365
    53077 41023464 73761843
   196086 40941478 73864365
    36318 41282355 73809229
     4184 42546449 78409718
     6028 42836083 78256750
     3349 42829108 78413645
     2873 42674502 78023108
     1357 42839825 78011326
     1194 42567903 78254784
     2333 42664198 78116065
      460 42564675 78059068
     2222 42655693 78376969
     1508 42824740 78134381
     1301 42737515 78265334
     6654 42739854 77998831
     1086 42562378 78145166
     2561 42726659 78374232
     5423 42738594 78130224
      891 42651722 78235679
     1396 42536885 77064480
     2640 42722102 77049326
     1087 42610922 77306109
     4525 42620358 77143100
     1345 42718640 77277320
     7026 42623491 77022099
     1830 42719398 77183112
     3465 42519953 76948733
     1307 42678755 76958667
